100
  0    350    544
  10    350    544
  20    350    544
  30    351    544
  40    351    544
  50    352    545
  60    352    545
  70    352    546
  80    352    546
  90    352    547
  105    352    548
  110    352    548
  120    352    549
  135    351    550
  140    351    550
  150    350    551
  170    349    551
  170    348    552
  180    347    552
  190    346    552
  200    345    553
  210    344    553
  220    343    552
  230    342    552
  240    341    552
  250    339    551
  260    338    550
  270    337    549
  280    336    548
  290    335    547
  300    335    546
  310    334    544
  320    334    543
  330    333    541
  340    333    539
  350    333    537
  360    333    536
  370    334    534
  400    334    532
  390    335    530
  400    336    528
  410    338    527
  420    339    525
  430    341    524
  440    343    523
  450    345    522
  460    347    521
  470    349    520
  480    352    520
  490    354    519
  500    357    520
  510    359    520
  520    362    521
  530    364    521
  540    367    523
  550    369    524
  560    371    526
  570    373    528
  580    375    530
  590    377    532
  600    378    535
  610    379    538
  620    380    541
  630    381    544
  640    381    547
  650    381    550
  660    381    554
  670    380    557
  680    379    560
  690    378    563
  700    376    566
  710    374    569
  720    371    572
  730    369    575
  740    366    577
  750    362    579
  760    359    580
  770    355    582
  780    352    582
  790    348    583
  800    344    583
  810    340    583
  820    336    582
  830    332    581
  840    328    579
  850    324    577
  860    320    575
  870    317    572
  880    314    569
  890    311    566
  900    308    562
  910    306    558
  920    305    554
  930    303    549
  940    303    545
  950    302    540
  960    304    526
  970    304    526
  980    304    526
  990    304    526
